899 30 30
26 17
29 17
13 20
16 19
16 3
28 4
8 29
4 23
16 23
5 7
3 6
28 15
13 12
30 4
25 12
25 8
8 22
30 22
24 25
27 20
26 1
4 24
2 11
1 11
10 18
11 4
21 22
5 16
1 19
3 29
12 17
6 22
18 23
21 9
7 13
5 4
19 4
2 27
19 16
15 11
3 27
10 10
9 11
23 20
14 1
22 4
11 27
29 28
24 6
4 3
22 22
12 10
7 15
2 6
6 21
12 30
4 30
8 9
4 1
28 27
22 26
7 7
26 15
27 4
23 6
10 28
5 9
4 7
29 24
22 3
21 4
16 4
18 15
23 11
14 24
24 4
28 3
1 1
30 20
24 26
18 20
6 6
22 28
14 27
14 23
17 5
28 21
6 16
11 19
4 2
10 3
14 16
28 2
17 9
22 6
15 24
14 21
19 14
16 26
27 7
7 22
13 17
15 5
25 14
9 30
3 1
30 19
5 17
3 16
5 28
9 27
18 18
19 1
11 24
23 26
4 25
30 10
14 15
13 26
29 5
27 8
25 30
20 24
12 13
28 8
12 7
9 7
15 7
26 19
4 10
18 28
3 28
9 21
15 29
1 3
7 19
29 13
3 7
13 27
8 4
5 27
22 23
7 21
28 10
25 13
2 15
20 20
13 9
27 29
16 25
23 18
25 28
1 17
16 13
27 21
16 12
7 25
11 9
14 7
15 23
23 10
8 12
18 13
6 18
6 3
7 12
12 22
20 13
17 8
28 16
11 28
1 18
17 1
12 2
28 26
30 11
5 25
5 18
18 17
1 7
11 3
26 10
25 16
15 27
8 8
3 21
6 17
8 1
16 24
8 14
30 21
4 21
10 19
26 29
8 27
25 22
24 27
21 2
2 29
9 18
12 16
19 11
14 17
14 19
19 27
16 10
6 10
19 8
23 14
16 7
17 12
10 5
27 16
30 30
19 25
6 30
13 24
9 3
30 17
26 14
20 7
30 15
29 9
21 8
29 12
24 11
7 18
17 6
11 10
24 2
14 18
14 11
29 15
22 30
13 11
9 20
2 4
18 30
12 5
11 17
4 11
7 26
1 28
17 29
29 7
14 26
19 30
16 30
23 8
23 9
8 24
30 23
15 9
14 22
23 28
25 29
11 11
1 4
1 6
20 17
6 23
3 24
10 30
13 19
24 20
13 2
17 22
12 26
1 15
10 23
2 5
9 5
7 30
11 22
1 22
14 10
15 14
24 8
17 10
5 26
15 3
4 27
21 20
30 13
2 23
8 10
14 13
10 25
20 19
1 25
7 1
3 4
23 4
12 3
21 7
29 20
20 22
29 8
5 10
17 11
15 2
12 28
26 3
21 27
7 28
29 14
28 28
9 17
12 15
4 29
3 26
29 26
2 3
19 10
23 13
11 5
29 29
29 19
15 21
28 29
19 19
22 17
28 5
4 20
13 21
21 5
24 1
13 6
19 3
18 14
16 27
26 23
28 13
1 10
21 16
27 15
20 21
17 19
24 19
27 25
10 9
25 19
6 24
13 1
17 24
21 1
23 29
4 28
23 15
17 4
10 17
26 24
3 12
14 25
8 15
25 6
28 7
6 28
12 6
19 22
13 29
23 24
11 20
16 16
17 18
17 21
13 4
18 3
7 10
9 2
12 24
16 20
18 16
30 26
29 2
1 24
29 6
18 10
22 1
10 6
3 30
30 16
21 15
18 9
16 17
10 4
27 12
27 5
29 23
13 14
24 29
28 18
24 14
15 8
30 9
12 12
21 12
2 19
19 13
25 17
11 13
8 13
15 20
16 8
13 8
15 26
25 21
18 12
19 9
21 11
21 10
4 19
26 21
24 30
27 19
2 24
30 27
5 22
29 16
18 25
28 23
28 9
27 18
23 23
3 3
24 12
24 17
10 7
30 8
24 21
24 5
5 13
9 29
28 30
2 12
8 2
15 25
7 8
25 11
12 27
20 30
7 5
2 9
17 15
22 20
1 21
20 10
2 22
26 20
18 8
18 21
28 17
15 13
1 23
9 6
22 8
10 16
18 5
14 5
30 14
3 20
15 17
20 11
22 10
21 21
3 13
27 6
9 25
16 2
5 20
22 9
8 19
13 18
26 5
15 16
18 2
17 14
1 2
22 12
27 11
4 14
26 27
9 8
13 30
17 7
23 25
13 5
19 29
7 20
18 29
21 28
11 6
27 1
27 14
9 19
14 28
19 26
17 17
21 13
3 14
1 20
22 14
5 3
12 23
24 22
23 22
30 28
30 5
3 5
19 28
4 18
17 13
6 19
19 15
4 17
25 18
25 24
6 27
25 23
7 11
14 2
5 19
17 20
5 24
25 15
7 4
26 11
20 29
22 19
8 7
25 3
2 25
7 27
18 22
27 13
17 26
8 11
12 8
27 28
1 29
20 2
7 17
2 13
1 13
18 19
2 20
30 24
6 1
4 6
18 4
20 28
8 18
6 4
11 2
2 16
21 29
28 1
12 21
10 12
12 25
11 14
18 24
28 25
21 19
5 11
2 17
10 22
21 23
14 6
4 9
7 23
11 15
19 6
17 25
16 1
6 20
29 1
13 22
24 24
14 29
23 16
6 9
15 30
27 9
12 14
2 14
9 12
29 4
27 10
8 6
7 29
25 1
10 24
23 17
26 28
22 24
17 2
11 16
13 15
10 20
19 17
24 10
28 14
22 29
22 27
26 30
29 10
14 3
3 25
11 25
7 14
5 29
9 14
18 27
11 29
1 9
10 29
2 18
10 21
7 9
1 26
24 28
26 22
19 5
28 19
5 23
4 22
24 15
1 5
26 6
21 17
4 15
30 12
13 16
6 7
29 18
3 8
23 30
18 26
29 30
8 26
26 4
5 8
7 3
20 25
5 15
19 12
26 2
14 9
10 2
12 20
30 7
2 8
23 19
16 6
1 14
30 1
6 8
25 27
24 18
30 18
4 16
26 26
14 8
8 21
29 3
14 30
25 10
5 14
8 3
7 2
27 2
16 18
22 11
13 25
6 2
30 3
20 26
29 27
24 23
22 5
22 21
5 21
29 11
2 7
1 27
22 7
16 5
20 12
9 28
13 3
1 16
12 19
11 7
20 23
17 23
20 9
12 4
9 15
21 26
10 27
27 23
27 17
9 24
9 22
2 1
5 30
2 26
2 2
16 15
11 8
25 20
12 1
26 9
9 16
23 5
17 3
4 5
21 24
6 12
9 1
25 9
26 13
9 4
3 18
25 5
20 5
17 16
5 12
13 7
15 4
15 19
3 23
5 5
28 6
6 14
3 9
6 26
20 6
26 18
4 4
1 8
3 15
20 27
29 21
11 23
8 5
23 2
16 14
16 29
25 26
14 14
27 27
9 23
12 9
28 24
10 26
24 9
12 29
5 1
26 7
20 18
2 10
28 12
3 2
11 12
9 10
24 13
20 3
10 1
6 13
21 25
1 30
20 8
22 13
4 8
10 13
15 22
23 12
21 3
16 22
26 25
27 22
19 24
8 16
11 21
30 25
6 29
8 23
6 5
11 18
24 7
23 1
14 12
20 1
6 15
22 16
22 15
28 11
23 7
26 12
15 1
2 28
21 6
9 9
4 13
3 17
13 13
13 28
26 8
12 11
15 6
17 30
20 14
3 10
8 30
19 2
30 2
13 10
7 16
23 21
21 14
21 18
21 30
13 23
6 11
11 26
30 29
17 28
18 7
17 27
8 17
7 6
20 15
12 18
8 25
3 11
1 12
10 8
24 16
24 3
18 1
25 7
16 21
20 16
23 27
15 15
14 4
19 23
27 24
8 28
4 26
15 18
11 30
28 20
22 2
23 3
19 20
18 6
2 30
7 24
15 12
15 10
6 25
22 18
19 21
16 28
9 13
3 19
25 4
29 25
19 18
10 15
5 6
14 20
11 1
22 25
25 2
8 20
19 7
4 12
10 14
30 6
25 25
20 4
3 22
18 11
28 22
29 22
15 28
5 2
26 16
16 9
27 3
16 11
27 26
10 11
27 30
2 21
