882 100 100
1 1
2 1
3 1
4 1
5 1
6 1
7 1
8 1
9 1
10 1
11 1
12 1
13 1
100 1
1 2
2 2
3 2
4 2
5 2
6 2
7 2
8 2
9 2
10 2
11 2
12 2
13 2
100 2
1 3
2 3
3 3
4 3
5 3
6 3
7 3
8 3
9 3
10 3
11 3
12 3
13 3
100 3
1 4
2 4
3 4
4 4
5 4
6 4
7 4
8 4
9 4
10 4
11 4
12 4
13 4
100 4
1 5
2 5
3 5
4 5
5 5
6 5
7 5
8 5
9 5
10 5
11 5
12 5
13 5
100 5
1 6
2 6
3 6
4 6
5 6
6 6
7 6
8 6
9 6
10 6
11 6
12 6
13 6
100 6
1 7
2 7
3 7
4 7
5 7
6 7
7 7
8 7
9 7
10 7
11 7
12 7
13 7
100 7
1 8
2 8
3 8
4 8
5 8
6 8
7 8
8 8
9 8
10 8
11 8
12 8
13 8
100 8
1 9
2 9
3 9
4 9
5 9
6 9
7 9
8 9
9 9
10 9
11 9
12 9
13 9
100 9
1 10
2 10
3 10
4 10
5 10
6 10
7 10
8 10
9 10
10 10
11 10
12 10
13 10
100 10
1 11
2 11
3 11
4 11
5 11
6 11
7 11
8 11
9 11
10 11
11 11
12 11
13 11
100 11
1 12
2 12
3 12
4 12
5 12
6 12
7 12
8 12
9 12
10 12
11 12
12 12
13 12
100 12
1 13
2 13
3 13
4 13
5 13
6 13
7 13
8 13
9 13
10 13
11 13
12 13
13 13
100 13
1 14
2 14
3 14
4 14
5 14
6 14
7 14
8 14
9 14
10 14
11 14
12 14
13 14
100 14
1 15
2 15
3 15
4 15
5 15
6 15
7 15
8 15
9 15
10 15
11 15
12 15
13 15
100 15
1 16
2 16
3 16
4 16
5 16
6 16
7 16
8 16
9 16
10 16
11 16
12 16
13 16
100 16
1 17
2 17
3 17
4 17
5 17
6 17
7 17
8 17
9 17
10 17
11 17
12 17
13 17
100 17
1 18
2 18
3 18
4 18
5 18
6 18
7 18
8 18
9 18
10 18
11 18
12 18
13 18
100 18
1 19
2 19
3 19
4 19
5 19
6 19
7 19
8 19
9 19
10 19
11 19
12 19
13 19
100 19
1 20
2 20
3 20
4 20
5 20
6 20
7 20
8 20
9 20
10 20
11 20
12 20
13 20
100 20
1 21
2 21
3 21
4 21
5 21
6 21
7 21
8 21
9 21
10 21
11 21
12 21
13 21
100 21
1 22
2 22
3 22
4 22
5 22
6 22
7 22
8 22
9 22
10 22
11 22
12 22
13 22
100 22
1 23
2 23
3 23
4 23
5 23
6 23
7 23
8 23
9 23
10 23
11 23
12 23
13 23
100 23
1 24
2 24
3 24
4 24
5 24
6 24
7 24
8 24
9 24
10 24
11 24
12 24
13 24
100 24
1 25
2 25
3 25
4 25
5 25
6 25
7 25
8 25
9 25
10 25
11 25
12 25
13 25
100 25
1 26
2 26
3 26
4 26
5 26
6 26
7 26
8 26
9 26
10 26
11 26
12 26
13 26
100 26
1 27
2 27
3 27
4 27
5 27
6 27
7 27
8 27
9 27
10 27
11 27
12 27
13 27
100 27
1 28
2 28
3 28
4 28
5 28
6 28
7 28
8 28
9 28
10 28
11 28
12 28
13 28
100 28
1 29
2 29
3 29
4 29
5 29
6 29
7 29
8 29
9 29
10 29
11 29
12 29
13 29
100 29
1 30
2 30
3 30
4 30
5 30
6 30
7 30
8 30
9 30
10 30
11 30
12 30
13 30
100 30
1 31
2 31
3 31
4 31
5 31
6 31
7 31
8 31
9 31
10 31
11 31
12 31
13 31
100 31
1 32
2 32
3 32
4 32
5 32
6 32
7 32
8 32
9 32
10 32
11 32
12 32
13 32
100 32
1 33
2 33
3 33
4 33
5 33
6 33
7 33
8 33
9 33
10 33
11 33
12 33
13 33
100 33
1 34
2 34
3 34
4 34
5 34
6 34
7 34
8 34
9 34
10 34
11 34
12 34
13 34
100 34
1 35
2 35
3 35
4 35
5 35
6 35
7 35
8 35
9 35
10 35
11 35
12 35
13 35
100 35
1 36
2 36
3 36
4 36
5 36
6 36
7 36
8 36
9 36
10 36
11 36
12 36
13 36
100 36
1 37
2 37
3 37
4 37
5 37
6 37
7 37
8 37
9 37
10 37
11 37
12 37
13 37
100 37
1 38
2 38
3 38
4 38
5 38
6 38
7 38
8 38
9 38
10 38
11 38
12 38
13 38
100 38
1 39
2 39
3 39
4 39
5 39
6 39
7 39
8 39
9 39
10 39
11 39
12 39
13 39
100 39
1 77
2 77
3 77
4 77
5 77
6 77
7 77
8 77
9 77
10 77
11 77
12 77
13 77
100 77
1 78
2 78
3 78
4 78
5 78
6 78
7 78
8 78
9 78
10 78
11 78
12 78
13 78
100 78
1 79
2 79
3 79
4 79
5 79
6 79
7 79
8 79
9 79
10 79
11 79
12 79
13 79
100 79
1 80
2 80
3 80
4 80
5 80
6 80
7 80
8 80
9 80
10 80
11 80
12 80
13 80
100 80
1 81
2 81
3 81
4 81
5 81
6 81
7 81
8 81
9 81
10 81
11 81
12 81
13 81
100 81
1 82
2 82
3 82
4 82
5 82
6 82
7 82
8 82
9 82
10 82
11 82
12 82
13 82
100 82
1 83
2 83
3 83
4 83
5 83
6 83
7 83
8 83
9 83
10 83
11 83
12 83
13 83
100 83
1 84
2 84
3 84
4 84
5 84
6 84
7 84
8 84
9 84
10 84
11 84
12 84
13 84
100 84
1 85
2 85
3 85
4 85
5 85
6 85
7 85
8 85
9 85
10 85
11 85
12 85
13 85
100 85
1 86
2 86
3 86
4 86
5 86
6 86
7 86
8 86
9 86
10 86
11 86
12 86
13 86
100 86
1 87
2 87
3 87
4 87
5 87
6 87
7 87
8 87
9 87
10 87
11 87
12 87
13 87
100 87
1 88
2 88
3 88
4 88
5 88
6 88
7 88
8 88
9 88
10 88
11 88
12 88
13 88
100 88
1 89
2 89
3 89
4 89
5 89
6 89
7 89
8 89
9 89
10 89
11 89
12 89
13 89
100 89
1 90
2 90
3 90
4 90
5 90
6 90
7 90
8 90
9 90
10 90
11 90
12 90
13 90
100 90
1 91
2 91
3 91
4 91
5 91
6 91
7 91
8 91
9 91
10 91
11 91
12 91
13 91
100 91
1 92
2 92
3 92
4 92
5 92
6 92
7 92
8 92
9 92
10 92
11 92
12 92
13 92
100 92
1 93
2 93
3 93
4 93
5 93
6 93
7 93
8 93
9 93
10 93
11 93
12 93
13 93
100 93
1 94
2 94
3 94
4 94
5 94
6 94
7 94
8 94
9 94
10 94
11 94
12 94
13 94
100 94
1 95
2 95
3 95
4 95
5 95
6 95
7 95
8 95
9 95
10 95
11 95
12 95
13 95
100 95
1 96
2 96
3 96
4 96
5 96
6 96
7 96
8 96
9 96
10 96
11 96
12 96
13 96
100 96
1 97
2 97
3 97
4 97
5 97
6 97
7 97
8 97
9 97
10 97
11 97
12 97
13 97
100 97
1 98
2 98
3 98
4 98
5 98
6 98
7 98
8 98
9 98
10 98
11 98
12 98
13 98
100 98
1 99
2 99
3 99
4 99
5 99
6 99
7 99
8 99
9 99
10 99
11 99
12 99
13 99
100 99
1 100
2 100
3 100
4 100
5 100
6 100
7 100
8 100
9 100
10 100
11 100
12 100
13 100
100 100
