800 100 100
31 53
73 30
69 75
91 1
57 18
4 42
49 82
62 77
31 99
63 63
7 81
79 28
75 65
52 42
22 13
22 70
50 28
32 48
22 97
21 57
88 56
8 61
20 3
1 55
73 22
95 4
36 1
95 47
56 35
75 48
85 52
4 5
37 33
3 13
85 81
10 48
96 20
72 31
87 78
2 46
69 26
38 6
78 25
74 84
51 62
1 83
57 25
78 33
24 8
66 69
2 30
65 55
17 66
53 41
9 57
27 1
95 12
38 4
79 88
54 73
46 25
14 12
93 74
99 39
98 19
97 43
53 5
43 36
58 23
58 62
46 82
15 4
62 74
80 7
5 76
26 27
67 48
9 11
11 12
4 99
16 56
7 3
38 62
11 8
32 66
89 55
54 74
63 38
12 71
100 14
63 83
31 35
98 28
48 95
91 19
99 17
1 62
46 50
2 4
29 88
74 23
41 35
69 20
86 89
70 15
46 94
17 38
4 43
1 71
62 52
39 54
52 30
58 18
76 76
48 13
22 46
89 58
37 31
79 22
33 100
35 71
62 62
83 85
66 65
58 75
86 8
16 63
93 64
31 70
7 80
63 3
90 88
97 28
83 90
49 86
87 95
65 50
4 63
18 31
64 15
49 88
82 8
83 20
61 16
83 16
25 63
77 11
95 60
57 93
97 41
56 78
93 100
96 64
65 62
62 7
8 16
48 26
55 10
53 3
15 16
59 76
26 93
95 68
6 54
69 100
37 99
13 9
18 57
58 90
79 100
81 91
29 77
81 14
24 68
47 99
55 72
41 8
48 64
58 66
76 58
37 14
92 75
14 64
97 98
73 85
34 58
20 69
80 82
54 71
54 56
3 82
90 46
27 66
4 53
3 32
11 9
62 71
58 63
25 14
18 74
87 96
9 23
56 43
10 72
97 30
25 28
27 94
21 73
89 35
7 76
42 28
22 58
12 60
64 21
20 29
84 73
82 3
72 73
4 7
55 25
19 90
65 53
6 13
92 74
75 14
28 65
48 32
93 14
79 9
36 6
99 65
76 28
47 71
76 46
20 12
55 87
7 32
67 15
69 45
18 15
89 96
35 76
56 87
38 51
79 37
84 77
56 28
66 45
66 16
63 87
45 53
93 2
79 16
49 70
74 72
28 66
94 92
80 16
7 60
23 7
11 53
43 48
94 7
69 35
92 29
35 80
62 28
22 72
98 72
13 41
37 81
98 3
84 47
31 62
23 9
89 29
53 100
28 37
70 98
46 55
11 67
15 72
88 76
53 31
30 9
69 67
3 56
21 49
9 34
15 53
71 46
42 37
86 29
85 59
31 9
39 93
18 1
28 74
4 91
69 50
74 28
47 29
100 64
37 48
86 65
43 73
6 96
34 48
41 70
35 93
17 31
4 66
35 100
72 4
37 63
69 7
8 55
46 16
53 50
66 38
71 10
5 30
67 84
95 83
87 89
59 5
80 53
90 7
72 10
73 55
69 16
69 68
50 61
71 18
26 85
89 44
56 22
15 31
75 21
30 43
80 81
27 49
26 13
47 8
26 10
90 62
65 95
10 56
96 96
36 78
27 59
95 88
1 49
73 78
52 98
10 7
64 76
22 34
11 82
87 10
77 18
85 11
21 19
39 30
60 65
68 21
8 70
62 97
2 95
66 53
23 42
97 16
49 23
26 60
82 90
2 6
17 70
14 74
100 8
80 30
70 84
85 95
31 13
18 89
26 96
6 21
39 42
33 93
62 18
63 79
84 83
32 15
26 72
3 87
7 63
69 89
59 60
14 52
82 97
27 40
90 47
22 76
81 72
35 63
15 13
36 7
1 72
89 81
68 91
74 61
17 42
86 75
10 18
32 84
89 80
89 67
60 30
66 47
37 70
15 78
37 88
9 45
81 34
99 98
36 36
34 75
58 70
49 3
54 9
67 10
53 79
4 47
39 23
33 41
94 98
7 42
79 55
63 15
64 82
1 77
50 86
41 36
17 73
35 4
34 11
3 54
78 20
45 36
11 72
85 29
19 1
33 59
70 42
44 30
79 1
27 3
15 20
82 35
56 38
20 77
26 17
71 56
59 72
93 22
55 74
83 99
9 83
57 44
13 53
56 34
64 39
18 85
75 71
66 82
33 6
9 99
17 41
25 47
22 67
9 54
9 2
17 34
35 18
33 33
84 38
31 72
17 18
21 100
27 19
91 23
85 53
34 69
93 34
65 46
2 81
26 4
99 90
42 45
83 45
66 52
96 46
19 77
46 40
13 32
83 95
60 70
25 45
71 27
68 16
3 71
77 8
41 31
100 7
64 49
80 75
90 65
48 18
45 20
42 21
33 43
3 58
9 56
48 80
83 63
70 54
70 44
22 80
72 46
92 42
42 54
22 11
36 96
49 28
4 22
66 84
12 94
40 92
35 72
68 8
49 16
12 57
50 70
8 6
83 70
24 39
54 87
81 54
76 92
7 46
28 77
79 59
2 12
51 20
17 76
47 95
98 68
63 34
27 28
59 14
22 5
7 98
8 75
7 79
30 83
49 37
25 31
41 74
86 15
91 38
78 27
78 34
76 91
57 50
34 16
1 28
85 51
59 65
87 53
45 44
52 97
68 20
4 40
46 47
55 83
17 64
67 56
33 26
82 4
62 31
82 69
29 36
69 55
73 72
59 93
86 16
59 57
40 26
73 66
14 54
7 15
9 53
98 24
92 50
40 29
41 92
60 99
59 69
19 4
79 92
26 7
17 93
65 17
12 7
79 35
37 65
83 66
7 26
55 36
55 61
18 8
45 70
46 59
25 46
94 20
97 20
9 82
82 86
66 62
94 96
6 37
94 35
59 94
14 5
98 33
3 21
53 44
96 17
44 81
70 18
28 95
14 18
96 38
22 57
70 21
21 72
31 28
78 48
41 99
43 76
32 1
100 46
94 4
37 21
12 26
65 90
58 73
70 66
77 19
5 41
49 33
29 37
80 21
43 67
59 53
44 39
23 19
5 29
24 13
47 35
30 21
78 98
87 22
70 85
42 3
77 12
13 28
5 43
62 11
79 13
89 86
42 94
30 87
34 63
66 99
40 32
6 31
16 18
79 42
20 93
6 85
74 19
8 26
13 75
7 45
37 82
17 62
49 92
70 3
39 77
26 41
7 38
12 42
60 2
70 86
22 28
75 68
70 49
84 92
64 99
24 22
100 67
88 68
60 61
59 45
35 87
29 72
83 42
79 2
56 58
43 32
10 71
51 57
89 43
40 66
71 51
36 68
75 73
36 72
44 60
26 40
86 98
90 60
31 40
43 64
18 16
15 84
6 53
51 43
75 74
9 69
62 42
82 44
98 53
58 17
34 52
29 62
32 6
72 8
71 50
71 21
70 61
13 43
24 20
86 85
72 26
49 60
88 69
22 87
100 60
81 5
40 80
59 33
40 78
45 13
69 3
51 24
64 54
13 10
48 62
28 61
23 47
39 71
84 33
35 64
89 93
82 55
4 38
95 10
56 76
33 46
6 69
41 52
45 21
27 46
88 97
80 80
24 83
100 47
9 13
75 28
27 10
74 70
61 51
47 64
85 99
5 94
47 94
31 47
4 81
80 93
